10 11,34156 9,07652 0,01402 0,00814
11 12,80741 10,15102 0,03432 0,01074
12 18,31757 13,65738 0,01992 0,00797
13 18,33053 14,06243 0,01647 0,00906
14 19,79475 13,79851 0,0135 0,01063
15 23,2595 15,7222 0,01402 0,0096
16 28,4799 18,32912 0,0155 0,01302
17 28,06031 15,48236 0,02163 0,01163
18 27,35807 15,96073 0,01901 0,01055
19 14,28229 6,13316 0,0143 0,00851
20 16,25525 5,69282 0,01173 0,00879
21 20,74528 6,01793 0,01216 0,03284
22 23,98122 6,83109 0,01246 0,01358
23 23,80998 8,10428 0,01197 0,01093
24 27,93712 7,48133 0,01364 0,01304
25 30,45286 8,03539 0,01677 0,01361
26 35,22214 9,36062 0,01563 0,03292
27 39,29268 7,92014 0,03341 0,01605
28 40,08408 9,25273 0,01649 0,01566
29 45,74971 9,53924 0,023 0,01731
30 46,50329 8,96376 0,02286 0,02211
